[Variables]
ercf_calib_0 = 1.0
ercf_calib_1 = 1.002028448379
ercf_calib_10 = 1.0
ercf_calib_11 = 1.0
ercf_calib_2 = 1.000235910904
ercf_calib_3 = 0.996670007478
ercf_calib_4 = 1.005632867258
ercf_calib_5 = 1.002028448379
ercf_calib_6 = 1.0
ercf_calib_7 = 1.0
ercf_calib_8 = 1.0
ercf_calib_9 = 1.0
ercf_calib_ref = 491.4
ercf_calib_version = 2

